6902570683
6765575078
6698991943
6500454340
6381105006
6204949872
5943713701
5554408733
5429756538
5415441544
5170078504
5159586678
5156159340
4869700866
4869120985
4845484731
4730082010
4612003987
4532600498
4422335530
6902570683
6765575078
6698991943
6500454340
6381105006
6204949872
5943713701
5554408733
5429756538
5415441544
5170078504
5159586678
5156159340
4869700866
4869120985
4845484731
4730082010
4612003987
4532600498
4422335530
6902570683
6765575078
6698991943
6500454340
6381105006
6204949872
5943713701
5554408733
5429756538
5415441544
5170078504
5159586678
5156159340
4869700866
4869120985
4845484731
4730082010
4612003987
4532600498
4422335530
6902570683
6765575078
6698991943
6500454340
6381105006
6204949872
5943713701
5554408733
5429756538
5415441544
5170078504
5159586678
5156159340
4869700866
4869120985
4845484731
4730082010
4612003987
4532600498
4422335530
6902570683
6765575078
6698991943
6500454340
6381105006
6204949872
5943713701
5554408733
5429756538
5415441544
5170078504
5159586678
5156159340
4869700866
4869120985
4845484731
4730082010
4612003987
4532600498
4422335530
6902570683
6765575078
6698991943
6500454340
6381105006
6204949872
5943713701
5554408733
5429756538
5415441544
5170078504
5159586678
5156159340
4869700866
4869120985
4845484731
4730082010
4612003987
4532600498
4422335530
6902570683
6765575078
6698991943
6500454340
6381105006
6204949872
5943713701
5554408733
5429756538
5415441544
5170078504
5159586678
5156159340
4869700866
4869120985
4845484731
4730082010
4612003987
4532600498
4422335530
